1000
1111211112111101211222222
1112211112111120111221222
2111121111222112201122111
1111221112221111111122220
2111121111211112112222102
2211122111210112212111121
1111212110122111111212222
2122211112211121011122111
2122121111111111112210222
2211122111221112211121011
2111121102211121112211122
1112021111221112221122111
2111121120111221112211122
2111111111211112122210222
2221022111221112111121111
2122211112111111021122211
1111211112111112221122220
2111211112211222111120112
1111111222112221111112220
2222202211112111111121111
2222201111111112111111222
1112221112211111111102222
1111111111221112210122222
1111121221212211111021122
2222221220111211111111111
2210112212111121112211112
2222221211211111111211110
1111211112121122211221102
2221121111111112221122101
2022111221122111122111111
2210122111221112212111111
1122211222112221111011111
2211122111101112221122111
1111121111212112101122222
1011111111222212222121111
1111211122101221112211122
1112201112211122111121122
2111122111210112221122111
1122211222111221111211110
1111111111111012122222222
1021111221212212111122111
2211122111220112211121111
2112211112111021112211122
1111211112111221102221122
2221122221121111111102111
1221111111111101121222222
2212222122111201111111111
2102211222211122111111111
2211122111221112211121110
2111211111112112122110222
2211121111202112221121111
1112122111211112221122101
1111211102111111112222222
1122011221111111111222212
2111211111111111222210222
1112211112111222112211102
1112211111121101211122222
2111111111211112112220222
2221022121221211111111111
2111121110112222111122112
2111121111211112121221022
2222122211111112011121111
1111111111122212220122211
1110211112112221122211112
2211122211221111111111220
2222221122101112111111111
2111111120122211111112222
2112211122101221112211111
2201122111211112211122111
2222022111211112211111111
2221122111102112111122111
2111121220111112121122211
2210122111221112211121111
2210122211122111122111111
2221122211221110211111111
2111111111220112221122211
2222111221111111221112101
2211122111111111210222112
1011221111221122211221111
2221122211221111111121011
2112122111221112211121011
1111111111211222210222112
2221211112111112111021122
2222221220112111111111111
2111111111112112222122210
2111111111022112222122111
1011111111111112222122222
2111122011211112221122111
2211022111221112111111221
2221122111221112111021111
2222211110111221112211111
1111222112211122211121011
2222022111122211111111111
2210211122111221112211111
1111111111111212222122220
1111211111110111222212222
2110211122111111212112122
1111111122111221122211022
1112211122111222111211102
1202212122111121112211111
1111111122211222112210112
2211022211221112111121111
2211122121221211112111110
2111111111121110212122222
2211121011222112111122111
2221122101222111111111211
1111111121211112122021222
2212221122111021111111112
2111121112111111122221022
2222211222110111112111111
2211122211221122111011111
1111111111022112221122212
2222210111211112111122111
2211121111211112021122211
2222222211102111111111111
1111121122111122210122211
2111121111111112222122210
1112211112120121112211122
1111111111111221022212222
2221110211212112111122111
2221121111111111121210222
2211122111211012211122111
2222211211111112111121120
2111122111221112211122011
1222211022122111121111111
2210122221211111111121112
1111121111222212201122111
1112211102111121122211122
2211120111111111112122222
2221122111222111011121111
2102222122111121111121111
1102211112111121111212222
1111111120112222112211122
1111121111210212221122211
1112211111222112111122210
2222222212111101111111111
1112211112112021112211122
2111121111211112111022222
2211122111021221111211112
2101122111221112211122111
1111121011222112221122111
2111122211222102111121111
2102222111211112111122111
1111121111221112221122210
1112211111211111112022222
2112111211212212111122101
2111121111202112221122111
1122011121121112211122211
2222221112121121111011111
2101122111221112211122111
2211222111211122111021111
2101122111221112211122111
2212211122110111111122121
2221120211111112111121212
2111121111211112212222110
2121221212211120121111111
1111110211221112221122211
2121121111212112201122111
1111111111212202122211122
2222122111011111111122211
2221022111111112211122111
2221122221022111111111111
1012221112211121111211122
2101122221222211111111111
2222211220111111112211111
2122211222111022111111111
2211122111221112111122101
2111121121222212111120111
2111211111111112012222122
2111121111211122101122212
2221022211221112111111111
2222102221111111111122111
1122221112211202121111111
2222221212112101111111111
2211121111220112211122111
2221211212111112121110211
2211222211022111111121111
2210122111221112211121111
2211222110211111112221111
2221122211111121111101122
1112211122111221112211012
2221122211211112211110111
2211122111221112111122101
2221122211221112111110111
1111111111111112222022222
2210122211221111121121111
1111011111111212122221222
1111111111112112222122220
2201122111221112211121111
2111111121212202122211111
2221122211102112121111111
2211021122112221111211111
2202122111221112111121111
2112211112111121111221202
1122211222111112111011122
1112211122111111122221102
2111111111022112221122211
2122221220111112111121111
1111111111211122122210222
1112211111111110222122221
1111111211111112122022222
1122111111111212221122201
1112211222112222111011111
2102211222211122111111111
2122211121221111011121121
1112211122111121110121222
2222211112112121111011112
2222122211112111102111111
0222111111111211122122211
2222101111111111112211222
2210211112211121111211122
2221122111111111110211222
2201122111211112211122111
2211122111111112101122212
1112211122111221110211122
2221122211221110211111111
2222222210111111111121111
2222212222111101111111111
2211122111201112111122211
1111121211111112112222022
2221121111221111011111222
2211122111221112021121111
2222211210212112111111111
1111122110111112212221122
1111111111121112212022222
1111111111111012222122222
2212121011221111112122111
2222221122111111102111111
2211121011221112222111111
1111111111022212211122221
2122221220111111111111122
1111111111111112022222222
2111120111221212111122112
2201122111221112211121111
1111221212101112111122221
1101211112121112211122122
1122211222111221111121110
2101222212221121111111111
1111011112221122211221112
1112201111111111121222222
2122221222111111111111021
1111111111212222110222112
2111122111221221111211102
2111111111221102112221122
1111211112111221122221102
2211122111221112111120211
1111111112211222110211222
1122211112112221111011122
1111111111222112221122210
2222222210111112111111111
1112211102111121122211122
2112221111111111102121222
2122221110211112121121111
1111111111110111222222222
2210122111222112111121111
2211122211111110211122112
1111121221111111112022222
1111111111202112221122221
1111122121221112112121102
2101121111111122221222111
2212202122111111111211112
2111122211222111111120211
2220222212121111111111111
1111121210211122111222112
1110211122111221112211122
2210211111111111122211222
1111111121111201112222222
1111211111111110212222222
2211122211211112112121011
2222210112211111111111122
2221022211211112111121111
2212211110112122111211112
2101221211211112221121111
2211122111211112210122111
2222222111221111011111111
2111011112122221122211111
2111110121221112211122211
2111120111211112221122211
2111122011211112211122121
2022211122111121112211111
2210122211222211111111111
2222221122101111111211111
2211120111211112211122211
2212221120211111111211112
1122221222111221111011111
2111110111221112221122211
1111111120111221112212222
2221122221110211112111111
2112221122111221111011112
1111111112111121102222222
2221122211022211111111111
1122211102111121111221122
2221111111111110111222222
1222211111112111121122210
1111111111112212102122222
1112211122111101111212222
2222211111101212211121111
2122111211101112221122111
2221121221112111111102211
1111111111101112221222222
1022221222111122111111111
2022221112111221111111112
2222220221111111111111112
2221122211211112111121110
1102211222122221111111111
2222211122211121111101111
2211222110221112111121111
2210111111111111112222222
2221111111112112111222102
1111111111212112221122220
1111211112111102211122222
0222211222121121111111111
2111120111211112112122221
2221222111211111111120121
1111111111111102122222222
2222211112111101222111111
2122221111111111122011122
1111121111202122221122111
1111111111210112221122222
1112111111112111222210222
2222222221101111111111111
2221122211221112101111111
2222120221112211111111111
2211122211222112011111111
1111011111222112221122211
1121111111221112221022211
1111101112221112221122211
1111121111211112212022122
1111111211022112221122211
2122211212211101111122111
2102211222111212111121111
1111111112112022111222122
2211121111211112011122221
1111111111111121222202222
1111112111121122221122210
1122221122211212101111111
1011121111211112221122221
2211122211221112011121111
2211122111202111111121221
1111111211111021112222222
1221211211111112211122210
2211122111211112221121011
2221122211202111121111111
2221022121111111122121111
2211122111221112111122101
1111111111111212222122220
2211111111211121012211222
1111111111021112221122222
2111121111111112211022222
2221122111221112011121111
2221022221211111111121111
2022211222112211111111111
1122211222111121011111122
1112221122210112211121111
1111212211222112021121111
2111121111211012122122211
2111121111111112222122210
2221122111221112112110111
2211121011211112212122111
2222221220111111111121111
2221022211211111111121112
2211122111111112121120221
2221111110111221112211122
1111111111111112222022222
1111011112111121222211222
1011121111221112211122221
2211121111222210221111111
2111122111222112211110121
2221122211211112111120111
2222202122111111121111111
2111121111112211021122221
1112222112211122111021111
2111122111210112221122111
1111111111111110222222222
2110122111221112211122111
2212021121111111111122212
1112211112111121212211022
2111211120111111122211222
2111111111211012111222222
2211121111111112220122211
2221122211211112211110111
2210121111221112211122111
2202122111221112111121111
2221122211102111221111111
1111121111112221122211022
1111111111112211122220222
2221022221221111111111111
1221112101111111122121222
1101111111111222112221222
1111122111101112211222212
2211122211222112101111111
2222212222101111111111111
2220222111122111121111111
1111122111221112221122101
1111111221111121110222222
0211111111211112211122222
1111110111221112211122222
2111121110211122211222111
1111111211102212221122211
2211122212111121111221011
2111121011211112221122211
2222022211221111111111111
2222222110221111111111111
1102211221212212121111111
1112211112211122112210112
1011121111221212221122111
2221122111221112211110111
2111220112211112111121122
2202211122111111111111222
2112211111221112201122111
1111111111122111022122222
2222211111111112112211102
1112211222112201122111111
2222201111111111111122212
1222212222111201111111111
1111111111111221122220222
1101111211111112122221222
2221122111221112211110111
2222221120111211111111211
1112211111111011122221222
1111111122111121022211222
1111120111221112221122211
1111121211202112111122212
1111121111221112212122210
2222222120211111111111111
1111211212112221110211122
2221122211222111011111111
1111121111211112222122210
2211122111221112111122011
1112211122111101111122222
2211122011211112211122111
2222022111221112111111111
2211121111221112201122111
2222222122111110111111111
2222211102111121111211112
1111111111111112222022222
1111111111112112222122220
2211121111211112111120222
1111111211111112022122222
2222211112211101111111221
2101122111211112211121122
2212210122212111111121111
2211122011221112211121111
1111121112111122211122220
2222211221111111101111122
2221021111222111111211112
1111211122111221112221102
2222220221112111111111111
2211122211222110211111111
1111121122011121111222122
1111201112211112112221122
2222202112121111111121111
2222122221210111111111111
2221122211201111121121111
1111111111022212221122211
1111111111012212122122221
1111121111201112211122222
2221122211221211110111111
2222202212112111111111111
1122011221111111111122222
2220121211212112111121111
2210122111222112121111111
2222022211211211111111111
2111121111221112211122210
1011111111222112221122211
1111111111111112222022222
2222222211211110111111111
1111111111112111022222222
1111101111221112221122221
2222111211212211111121011
2211211112111221112211102
2221122211211111111122101
2211122111211112111221012
1110211112111121122211222
1222211122111112111111022
1111111110212221122211122
1211011112212121111211222
2101122111221112211122111
2221122211222111011111111
2221122211222111111101111
1111111011211112222122221
2122121211101112111122112
2220222211122111111111111
1111101111222112221122211
1101111111112212222122211
2011121111222112211122111
2220122211122211111111111
2221122211022111121111111
1111211112111221110221222
2111121111211120122211122
2102222111212112112111111
1111111111112212222122210
2221102212111112121121111
1022221211212111111111122
1111011212111121122211222
2211122111221111110211122
1111111111111221122202222
1111112120112221112211122
1111111221112212021122211
2222201222111111111121111
1111111111111221012222222
2211122111221111011122211
2222221121111210112111111
2221122210111111222111111
1111111011222112211122221
1111111110111122112222222
2111121111221112221122101
2210221111211112121122111
2222211122110221111111111
2111011111211221122211122
2111110111222112211122211
0222212222121111111111111
1221111111121110222122211
2111121111211211121122220
2222022221111112111111111
1110211122111221112211122
1111121111211111122220222
2212222111201112112111111
2211011111211111122121222
1111211111121112212122220
1112211111111112212122220
2110211122221112111122111
1122211112112121111011222
1011122111211112221122211
2221111111111202112211122
1011121111221122211122112
2221021111211112111122211
2222222221111011111111111
2112211111111201112211222
1111111111121111222022222
1110221111221112211122211
2111011122111221112211122
2222122111211111111122101
1111111111111221022212222
2222222212111111111111011
2211122221202111121111111
1111011112211222112211122
2102121111112122111221112
2211122111221112211121011
2222211120111111111111222
2211121111211112011122221
1111111111202212222122111
2221122201122211111111111
2111121111211112221022112
1012221122211111111221112
1111211122110221111211222
1111101111211112221122222
2101122111221112211122111
1111011112112221122211122
1111112211102112221122211
2222221012211121111111111
2222202222111111111111111
2111011112111112221122221
2221122021221111111121111
2221121111211112112221110
2222022211212111111111111
2110221122111112211122111
0111111211212122112211122
2211122111221112111122101
2221122211211112011121111
2111121121211212011121122
1102211222111221112211111
2211122110211112211121112
1111111211211111012222222
2110121111211112221122211
1111211111112221122211022
1121021221112211121121112
2221122211102212111111111
2212221111201112211121111
1111111111101122211222222
2222122211211111111121011
2222121011111111111221122
1111212111112201122211122
2222221112101122111111111
2222122121111111111121210
2222120221212111111111111
2111121111211112111022222
0222212222121111111111111
2101122111221112211122111
2221221112101122111121111
1111111112211122112210222
1111121111212211022122211
2111121111101112221122212
1112212211111112221122101
2222222022111111111111111
2101122211111112221122111
2221111111221112101122211
2222122211112211011111111
1022211111112111122111222
2202222111211112111111211
2221121011111112111122221
1011121111221112221122211
2221011111111122111222112
1011122111221112211122211
1112211112222122011121111
2221122111210111111122112
2012221111211111121122211
2211221111112212111120112
2110121111221112112222111
2222111111112111121102221
1111111122112221122211102
1111111111011112122222222
2112220122211121111211111
2111121111221112212221011
1111211022111221112211122
2221122211210211111121111
1022211112122221111211111
2111111111011112221122222
2111120211221212211121111
2212221112111111102111122
2222211210212112111111111
2211122111111112101222112
1222212220111211112111111
2122111111111112111220222
1111111111022212221122211
1111111211211112222122210
1111121111212112022122211
2022211222112211111111111
2102221212112121111111211
2221122221012211111111111
2111210112221112212121111
2210222122111121111211111
1111111111022112221122221
2211121111211111011122222
2111120111221212112122111
2222122201212111111111111
2221122211221111011121111
2111122111221112211021112
2222122211201112111111111
2111111111122111122221022
1111212112111111122210222
1111111111222212210122211
2222222112111112111110111
2101211122211222111211111
2110221112111122111211122
2111122111221112201122111
2211122101222211111121111
1111121211211122021122211
2111121111211112211122220
1111111111111112222022222
2111111111021122211122122
1111211112111122021222112
1111121111221112221022211
1111111112112121121222202
1111221111212211122111220
1122211122111221111221110
1111021111222112211122211
1111011112121122211222112
2212210111111112121122211
1222212220112211111111111
2211122111221112221110111
1102211122111111111122222
1122211110221211112122111
2211122211211112211121011
2211122211221112101121111
2111120111221112221122111
1111211111112210122211222
2221111111211012212122111
2101122211222111121121111
2222122221112111111110111
1111111111111212202122222
1111101111211112212222122
1111111111222012221122211
2111122111221112211122101
1111211202111121122211122
2210222211211112111121111
1111111011112112122122222
2210222112112121111211111
2111122211222112011121111
1111121120211222112211112
2212222122111201111111111
2101122111221112211122111
2221122221202111111111111
2202222111221111211111111
2210122111222212111111111
1111110111211212222122211
2210211122111221111211112
2111121111222112211122101
2111122111211212112122101
2111111111111111022222222
1122111221111111112102222
2211222122221111111101111
2101221112211221112211111
2211122221211210211111111
2222122211211112111110111
2211112111111101122211222
1011121111221112211122221
1011122111222112211122111
2210122211222211111111111
1112211111112201122211122
2221122211110112111122111
0222212111111111112211122
2221122111222111210111111
1011121111222212211122111
2112222112111121111022111
2221111111201112211122211
1111101111211112121222222
2221122101111112211122111
2122121221111111201122111
2111221112211121111211202
2222222211211110111111111
1111111111011112221222222
1111111122021122111221122
2222122111221211011111111
2221121221111111111122210
2221122111202112111121111
2111120111221112211122211
2211122011221112211121111
2111111211111112112022222
2211122011221112211121111
2222112111111112112122110
1111120111221212212122111
2222122211210111111121111
1112211111111111122220222
1111211112112221110221122
1021121111221121112211122
1011122111221212211122111
1111111110112222122221112
1012211112211122111221112
1112211122111121102211122
2211122211222211111110111
2111021111211112122111222
1111122112222122211011111
2211121111220112211122111
1111122111210112221122211
1111111211112212112221022
2222022221112111111111111
2221022211112112111121111
2110121111111112221122212
1011121111211112121122222
2122211222112201111111111
2222121111211012111122111
1111111111102212221122221
2221122111211211111122101
1111111111111112222022222
2221122211211012111121111
2111111111111122110222222
1111111121111012122122222
1122211102111122111221112
1011122111222112211122111
2122211221111112111110122
2221112221111211111122101
2201122121211212211111111
1110211222111221122211111
2211122111211112011122211
2222121121111112221110111
2111111111021112211122222
2221221011111112111122211
2122211120111212112121111
2111121111220112221122111
2211121112221112211121011
2101111111111112221122222
2111121011221112211121122
1111111111121110222122222
2220211211211112111121112
1111111221111212112122220
2221122211221110211111111
2211021111111112221122211
2111121111222112201122111
1111111111211112022122222
1122221120111211111122211
0222112221122111211111111
2212211122102221111111111
2211122111221112111122011
2211122111221112211121011
1111111111101112122222222
1102221222112221111111111
2221122211102111111121121
2101222111221112211121111
2222221210111111111211112
1111111011222112221122211
2221122211211112111120111
2222120211211112111121111
1111121111202112221122211
2211222110221111112121111
2111120111222112221121111
2222211222111111111111120
2222222112211110111111111
2111120111111122211222112
1121011121211112221122211
2221011111111212221122111
2111222111222112211011111
1122211211111111122011222
2221122211022211111111111
2022121111112211222111111
2220222211112111111121111
2222221220111111111111112
1111211112111121211022222
2221121111211212110122111
2222021111211112111111221
2111111111111212222122210
1111111121222112222121011
2222221121221111111101111
2221122201111111111122211
2111121111212112121122210
2211122111222112101121111
1111111111012111122222222
1111111111212112210122222
1110211111121112221122221
2221121211212112111120111
2112221122211221011111111
1112211112111021122211122
2202212122111111111111122
2222221220111111111111121
1111121211202112221122111
2221221211211112201111111
1112211122112221111022111
2221221111111111021122211
2221122221101111111112211
1011122111211112111122222
2111111111012212221122211
1111111111111221122202222
2211122201221112111121111
1022212222111111122111111
2221121011221212111121111
2111122121221112211121011
1111022112221112211122111
1112211111211111112022222
1111011111111112122222222
1111111111111022212222122
1111111111102221122211222
2222021111212111111111122
1111111111210212211122222
2202221122112211111111111
1011122211222112211111121
1111121111111112221022222
1111121112211121122221102
2112221120111112111122211
1022211112211122111221111
2211122211212212111011111
1011121111211222211121122
1112122111221112211022111
2210222112122121111111111
2111021121221112211122111
1111111211211112222122210
2212222111211112211111110
2111121111210112221122211
2221202212112111111121111
2211122111221112211121011
2211222112211111012121111
2222022111221112111111111
2211222111221112211110111
2111122111222112021121111
2221021111111112221122111
2221122111220112112111111
2221122221211111011121111
2222221222111111111101111
2222221111021111112211111
1222212222121111111111110
2101221112221112211121111
2221122111221112021111111
2222121111221102111211111
2221122111221112111121110
2111111121221112111022221
1111111111222212210122211
2221122211111011111122211
2222122211220111111111111
2222212221111111111110211
2221122111221112101121111
1122221112221122111011111
2022211122211112112111111
2211122211222112111110111
1111111211202112221122211
2221122111211112210121111
2222122221211111111111011
1111111111102112221222212
1111011112111121121222222
2211222011212111121121111
2221121011221112211121111
2011121111221112211121122
2222222021211111111111111
1122211112111111210122221
1122211102111111112212122
1111021112221112211122211
2111122111221112110122211
1111111111210212222122211
2211121111222112201121111
2222022211111112111121111
1122211122211121121211110
2211122011221112111122111
2021121111211112221122111
2112121111211222111221110
1112111111222112221122101
2222122211111112121111101
2222221122211101111111111
2221122211210112111121111
1122211221112011111122211
1111121111211111122220222
2222222210111111111121111
1122210222111111111112221
2101221122211221111211111
1121121111221112211122120
1212211112111102211122112
2222210111211111111111222
2111122111222112021121111
1110211112112221112211122
2221111111111111112202222
1111111111111112022222222
2101122111221112111122121
1111112211021112221122211
1111111111111212022122222
1111111111110112221222222
1102211222211121111211112
2222122111211111121111210
2221122111221112111121011
2101121111211112121122221
2211122111221112022111111
2211121121111111122122210
2211222111211112111210112
2222021121111112211121111
1011122111221112211122211
2222221112011121111211111
2211122111221112101122111
1111211112111111222210222
2211110111221112212122111
2221122111221112110121111
2201221111221112211121111
2221122111222112011111111
2111111111211112112222022
1111022121221112111221112
2222211222111101111121111
2222022211111211112111111
1022212221111111111121122
2111111111112222111022122
2211121011221112211122111
2221122101221111111122111
2220211112122221111111111
2111122111221212111121021
2211111111121221111210222
1111111120211221112211222
1112211122112221121211110
2112211112111121112221102
1111211112111121121202222
1111110111222112221122211
2211122211211111121111202
2211122111211111011122212
1111102111221112211122122
0221211112111221112211112
2111122111221111110211222
2221122221211112111110111
1111111111222112221122210
1111111111111102221222222
2111121111221112211122120
2111122111221212211121011
1111111211110212221122221
2111111111211112122120222
2211122211210112211121111
2112211111111112201122221
2222211222111101121111111
1111121221212201112221111
2111122122221121011111112
1111111110112221122211222
2211111211111112211122220
2111120111221212211122111
0222211222122111111111111
2211121111211112221122101
2111122211221112211121011
2101122211211112211122111
1111111111222112221122210
1111121111220112221122211
2211121111211112201122211
2221122210212211111111111
2222012221122111111111111
0122211112111122111221112
1011122211222212111121111
1111011112121221112211222
2222222011111111111122111
2222220111212112111111111
2221021111111112211122211
2101122211111122111221112
2211111112222122021111111
2220222211212111111111111
2210122211222112111111111
2222211222102111111111111
2211110111211112221122211
1011122111111112211122222
1101111111221112221122221
1111111111110221112222222
2211022112111122111121121
2222011111211111121122211
2221122111221112111211110
1120221112112221111111122
2222221211211112111110111
2211122211222111021111111
1111011112221221111222112
1111120111221122112221112
1122021211111111112122221
2121121111101122111122122
2211111111122110221122211
2221122211222110111111111
2211112101111112211122221
2222221220111111111111112
2111120111222112211122111
0222111121111111111122222
2211122211221112101121111
1112211122112222112011111
1111111111222112210122221
2111011112111121122221122
1111011122111221112211222
2110221122111221112211111
